7
2
2 5
4
1 8 2 3
3
3 8 9
5
64 25 75 100 50
1
42
6
96 128 88 80 52 7
5
2 4 8 3 7
1000
308 4098 5287 6978 8520 5680 9149 5200 6820 6023 2761 1785 3844 9405 8712 6843 7760 298 1410 2325 3749 5939 1059 952 5339 5977 2660 7966 1947 8831 1178 6681 6082 7326 8047 6967 1020 9024 3111 3319 1345 1016 4698 2040 8314 1000 699 2759 2366 412 4928 3179 1390 1540 3344 3648 6173 906 6239 2097 2317 4912 2239 6378 1546 33 7726 6659 6090 5578 7487 4441 7482 6009 8709 7012 6835 2397 4135 3477 4934 3175 8993 6249 1705 2484 4380 772 2289 1620 6077 1821 1223 1708 4925 6573 2014 7232 6812 6166 2056 8942 9492 3455 5182 8937 8495 7964 6753 9064 8111 9681 7511 6428 1211 9038 3128 8344 9263 9284 6500 4827 6662 4563 1734 1421 2358 1113 8569 7654 7520 6306 3525 3692 8257 4919 7319 7515 1279 8300 6026 7956 389 4983 2951 738 2201 2354 23 5583 7124 2508 7300 167 4761 4907 7633 8490 236 7658 6293 5652 8326 5620 9332 2599 5208 5728 9115 3191 4250 7573 6386 4505 9909 5699 7391 6406 4673 4881 8214 6158 1844 6247 5618 8960 2334 821 7808 5198 6235 9476 3906 5298 1051 6080 6020 5193 5270 501 6752 5969 5184 4931 8221 5572 9534 8107 3411 8267 9564 7351 7744 1721 5180 6831 2585 4571 2486 3650 9932 1835 8089 9508 338 2256 8058 8112 856 7936 9979 7806 2986 6657 7927 6736 7771 9631 6806 9032 3190 2506 5441 3914 6227 5744 1922 4989 3057 8955 503 5606 2647 2110 2606 1032 9419 2196 4755 8613 3725 3026 5222 3450 3323 3299 8137 3721 2640 8575 4538 813 2183 7298 7014 2708 2721 8480 6050 9654 5069 8734 7593 2011 1586 7461 8568 8191 7930 5020 965 2881 9494 8399 7959 79 603 7101 4961 3947 1305 5427 7769 8526 3509 3892 3358 6140 714 8362 307 7029 6568 2943 4014 6006 6464 1644 7078 3008 8376 7182 5555 2321 1491 4597 2663 8052 8049 2693 6132 5218 2995 4677 8073 9914 1044 6044 3244 7385 3041 3457 7031 1319 1982 6130 5921 2688 2928 2683 9499 7856 3010 7068 6310 4419 3546 5632 5047 1638 2743 225 8663 9205 3234 8400 5076 83 6911 770 1340 7674 8834 7587 5716 2328 6079 8437 944 7679 9379 54 3889 2566 1859 2167 3912 9065 523 5477 7648 1278 4779 9457 9469 4221 3611 7471 5033 8902 6883 7227 9324 3480 7778 4943 4731 7024 4124 1110 5120 4437 4969 8590 7640 5203 4321 9841 7277 7729 9694 957 1343 2927 6463 4594 4718 919 9436 3524 6724 8787 8533 1815 2852 6490 8950 5556 6695 1760 3871 91 1092 8176 3851 1608 5364 3637 4960 9124 7965 4687 5324 3635 3990 5106 1026 5241 4869 6482 8764 2246 6237 309 7038 3315 5307 3891 8991 9239 1879 2675 8660 8222 1239 5271 6615 5684 7777 2678 6552 6585 3815 5558 9274 9788 538 2087 3387 4452 5112 296 4491 3485 4986 1649 1676 1255 433 7673 8256 3518 8436 5867 7377 969 5319 7448 782 7527 783 2010 1557 6584 7632 7423 3867 7680 3388 7408 445 26 9490 119 5567 5697 2445 5371 6207 819 1884 6298 1090 5561 6635 734 1964 5212 2495 9871 8255 7619 3113 6890 8641 6384 8909 9045 4109 1624 3131 2306 7190 9555 3614 7177 974 9742 5049 9509 2482 7180 5467 2204 6617 9608 8028 89 1517 5028 1674 5481 49 8186 2016 8990 1472 4096 7849 9333 4208 6174 9309 4517 3620 1158 2611 5145 8625 2309 4286 5476 5823 9724 3612 8652 3421 9866 3631 367 2838 1200 1095 2219 1506 8108 9468 2600 8304 9387 1156 9267 5554 3517 743 1233 4872 4982 1911 4838 5351 9663 436 1945 4508 4129 2706 1908 1028 8542 2373 4680 1973 2869 3724 968 5978 1203 7900 6095 1404 5773 3082 1195 6407 9357 8491 3923 535 2690 6747 426 117 7185 678 2487 5610 4240 6993 4576 7885 5873 2989 9737 9382 2975 8178 7784 7489 6303 4142 7442 5382 2921 1798 3145 5935 9747 6518 9305 9015 3224 8912 9611 4302 2613 5964 6083 9602 207 7523 6685 262 8310 5901 6927 4909 9846 6636 6959 9780 8460 6826 5353 3035 5612 3347 5493 7393 6608 7134 5334 331 7817 1261 5637 7001 1806 5215 5078 6575 1544 6987 2080 4331 1206 1376 7141 4486 7435 7979 7815 9289 806 1263 8500 926 415 7603 929 2586 3312 1981 6118 3859 1352 1117 8095 4800 3122 8791 8690 3893 7406 6348 515 1358 8278 5510 4762 3706 1264 7337 6855 491 8982 6383 8649 2530 8270 7665 1027 6515 8999 76 4553 7284 3948 5961 3683 1600 5227 4418 9601 5480 7017 6119 7387 6010 4277 5949 3368 6347 6216 3196 3512 1804 8599 22 5562 3788 6548 4959 1771 6761 1467 3163 3796 8064 5884 3707 3053 5007 649 3442 5711 7681 6145 8281 745 7354 30 1817 7754 1871 7932 985 5837 9698 2839 2574 3016 2901 5377 5507 3958 2805 9414 4560 6446 9384 5378 4716 9072 4937 2727 2154 6099 3898 5002 6877 7915 8521 7425 2762 9580 9562 279 5515 4174 5782 8724 8682 8204 5258 6356 518 1663 9790 8601 7715 2083 9730 7845 6089 3951 9795 9974 2029 2847 7977 6868 3471 6112 3336 2225 4839 3422 1420 8622 4542 4213 8165 506 5781 4582 8284 8145 5663 3105 865 9120 5016 7655 995 6408 7345 355 8637 2433 1127 7340 7597 5392 6744 5834 6001 8532 4477 1477 7931 78 3037 1152 1091 4264 3085 2248 2462 2375 7484 4342 8486 7203 1320 2345 8023 441 622 6918 2524 3561 4946 8012 6171 3994 9572 5889 6699 2952 7444 9242 181 5991 8658 9778 3710 1504 3138 4422 5192 7152 9785 8229 6948 3673 7335 4713 2153 8790 5774 795 608 8275 4967 4275 981 9709 7283 2162 190 9314 5498 9853 3572 3446 8564 8729 2673 3670 3443 1490 4772 6269 9075 5674 1823 2607 5983 9421
