6
5
-1 -2 -3 -4 -5
6
-1 -2 -3 1 2 -1
6
-1 0 0 0 -1 -1
6
-9 -7 -5 -3 -2 1
1000
149 316 297 180 -155 195 -20 -68 239 -74 -291 -243 -278 -115 156 213 185 -92 148 129 3 38 -94 -13 -14 314 63 -270 -159 -150 222 390 59 -289 113 -271 17 143 10 157 -72 191 42 -152 -125 212 -113 -297 -4 -170 -99 260 -68 203 336 -189 -236 10 -169 148 179 189 335 -87 -215 -80 309 195 277 264 -253 60 -148 -270 166 305 95 243 -31 369 -221 -240 -265 -51 58 253 -196 194 195 357 -3 163 -246 161 0 86 300 315 128 -219 -185 23 33 14 20 103 -48 -273 -34 299 -239 334 341 304 111 -205 325 -209 4 126 193 -127 121 -35 -52 301 -2 -4 -126 147 -119 247 60 -122 300 72 -157 -141 396 38 265 -256 -222 108 279 -294 204 247 15 88 -86 382 219 295 194 395 -297 63 -276 51 367 -298 -272 -250 -57 104 -71 -157 -142 78 181 -196 -210 -273 253 -98 -181 -149 -175 6 -285 17 79 373 44 -64 88 388 -138 66 -203 -227 -18 -151 215 384 101 75 -219 140 -236 -289 162 5 121 -192 298 -223 -193 204 199 90 56 149 237 278 -50 -53 -64 -184 281 114 -156 146 -87 160 353 -189 -300 -120 167 316 133 338 137 162 -188 -273 -189 -96 -28 185 242 -260 -101 -184 -170 -233 326 171 399 123 91 153 85 -223 -60 138 393 309 -50 381 72 80 -213 -153 -81 329 -63 271 -263 -281 -286 240 369 -128 -17 304 -22 -104 155 334 375 264 357 -42 391 -30 110 262 335 -276 -293 -263 310 296 -139 -131 200 199 45 49 -244 284 119 10 -297 8 358 -51 -224 323 -143 118 59 296 -155 381 -95 232 -215 75 85 -182 222 -173 66 -163 -80 -151 -247 27 -107 172 352 -225 -236 323 -138 90 -26 201 -241 -1 353 -115 76 266 -300 238 -114 6 113 55 328 315 -115 400 322 -258 -196 330 54 135 -295 17 -174 62 365 324 8 -136 -100 -207 275 173 77 -75 47 178 386 47 -289 -189 -300 -121 281 276 -238 141 284 203 -39 -70 265 -83 -195 -293 386 281 330 -114 -44 -201 -280 -104 97 138 -11 -54 1 -15 -261 -251 316 187 388 241 393 -278 -108 -187 188 81 -229 81 -225 -276 -300 277 -115 -289 134 3 374 -286 -201 399 219 45 273 -126 4 289 0 230 -141 -292 258 351 358 -151 321 364 143 176 -188 45 297 148 400 316 -40 55 306 -276 72 273 169 354 -192 395 -281 -203 134 -236 278 309 -65 -47 340 290 68 51 143 -188 334 228 -74 32 255 305 291 380 357 144 113 -265 -229 62 -183 8 -44 -168 73 -115 -40 -246 216 -274 314 179 362 -5 154 -14 -109 230 -168 -79 317 -235 -9 -156 91 287 -202 -144 281 53 387 -240 21 -149 -144 394 329 -275 -260 54 28 163 86 -202 395 -71 -209 317 -191 -212 132 -215 139 -199 245 -60 247 35 119 152 -92 280 -13 118 -197 363 -163 334 90 255 58 267 304 -26 -274 -181 -85 -265 309 -184 -186 -171 191 -294 -281 308 308 -101 277 195 317 49 -86 -131 -286 43 357 -88 -232 301 51 12 249 -61 275 -14 -65 -8 -45 120 -133 219 35 -73 -295 -23 206 334 157 -247 305 241 158 201 -283 27 242 179 395 -207 -25 337 83 49 351 295 -255 256 -127 277 -138 340 350 171 148 79 -86 166 140 89 369 360 1 -53 18 -230 -47 170 -289 290 220 -198 -190 -104 294 -265 125 163 -265 190 80 117 99 -182 245 338 123 -268 385 374 127 215 -67 343 -124 377 -166 -254 219 -217 -49 10 -217 362 329 49 319 264 4 234 -228 -53 294 -132 -120 93 273 98 -236 -129 -181 42 353 -217 246 270 1 -248 -287 -95 229 -103 157 -196 33 -280 -78 365 223 -42 316 -97 42 -25 161 -189 -299 11 398 77 -245 -186 154 44 213 265 -34 -55 125 115 318 5 344 -43 -285 377 39 90 89 -241 -135 49 130 -181 287 177 294 245 191 117 393 -269 -62 346 241 212 106 20 73 -117 34 -247 -103 -135 -57 394 303 -230 389 141 248 -74 68 171 -90 -68 128 309 336 249 74 -116 80 295 -28 -111 -29 -4 133 -139 393 165 186 -47 364 -291 70 -209 46 -258 -281 383 258 -12 330 -157 138 -182 -208 25 45 -165 364 -77 354 97 -67 106 -159 -17 57 187 69 -42 -110 357 164 321 -86 30 -289 179 -55 150 380 -64 181 -251 -74 -157 -96 -244 -166 -161 -224 281 42 325 366 30 286 291 400 -22 256 -30 -291 -1 52 -252 54 76 1 264 -44 -91 -270 150 251 5 146 90 366 199 129 153 51 371 -107 -159 70 328 395 315 -107 -78 -114 -202 223 358 192 -275 -13 -180 15 -174 -180 167 -83 304 -174 -216 232 33 -94 -294 -192 -123 211 391 213 -149 -124 17 261 253 -160 209 -72 371 188 -130 370 334 227 -190 5 -38 268 344 28 -53 -64 387 -72 176 -275 82 -190 322 148 72 -75 366 134 51 -296 211 -38 74 108 1 393 316 -4 -154 247 -128 230 297 47 250 344 -297 63 -63 87 24 214 -14 288 304 -255 -36 382 379 -21 146 -21 344
100
242 195 148 97 148 125 17 258 258 -166 139 2 319 -139 -251 142 101 -176 66 42 -242 146 396 227 307 -243 8 -200 -158 -200 -1 -184 77 -237 -149 -237 135 289 -126 167 -253 82 -288 -268 163 -297 -272 354 133 -91 321 -238 369 -143 169 172 101 364 -257 -116 -186 -150 -35 -190 376 333 244 282 271 -221 -157 -79 -299 55 65 -102 -263 18 206 -75 7 382 225 -233 8 390 91 -218 -29 58 -103 375 -15 -87 69 295 0 -154 -74 -136